Input vector:
Vec {
	size: 256
	elements:
	10.263441+0.000000i
	7.328374+0.000000i
	0.409953+0.000000i
	-2.051405+0.000000i
	-3.029567+0.000000i
	0.707254+0.000000i
	10.838943+0.000000i
	13.354519+0.000000i
	4.313519+0.000000i
	-2.393543+0.000000i
	-3.244456+0.000000i
	-2.065726+0.000000i
	4.881953+0.000000i
	12.236811+0.000000i
	8.669050+0.000000i
	1.359657+0.000000i
	0.050860+0.000000i
	-1.380740+0.000000i
	-3.589366+0.000000i
	-0.255288+0.000000i
	2.199702+0.000000i
	-0.407483+0.000000i
	-0.126777+0.000000i
	0.291354+0.000000i
	-6.337794+0.000000i
	-10.356647+0.000000i
	-5.402749+0.000000i
	-0.511442+0.000000i
	2.312442+0.000000i
	4.536968+0.000000i
	-1.772765+0.000000i
	-12.867065+0.000000i
	-13.200197+0.000000i
	-5.096270+0.000000i
	0.249257+0.000000i
	3.687624+0.000000i
	3.347450+0.000000i
	-4.999990+0.000000i
	-9.868938+0.000000i
	-3.665344+0.000000i
	2.254014+0.000000i
	3.695779+0.000000i
	6.301233+0.000000i
	5.352211+0.000000i
	-0.468559+0.000000i
	-1.260030+0.000000i
	0.945323+0.000000i
	-0.952383+0.000000i
	0.737301+0.000000i
	8.220092+0.000000i
	10.002234+0.000000i
	6.233942+0.000000i
	3.685973+0.000000i
	-0.863650+0.000000i
	-3.848181+0.000000i
	3.749022+0.000000i
	12.204534+0.000000i
	9.415361+0.000000i
	2.321405+0.000000i
	-3.426815+0.000000i
	-8.860365+0.000000i
	-6.267987+0.000000i
	4.407103+0.000000i
	7.798872+0.000000i
	2.216501+0.000000i
	-1.532924+0.000000i
	-4.638449+0.000000i
	-8.120584+0.000000i
	-4.802685+0.000000i
	0.029799+0.000000i
	-2.030499+0.000000i
	-3.345686+0.000000i
	-1.222636+0.000000i
	-4.674096+0.000000i
	-9.743412+0.000000i
	-8.004766+0.000000i
	-4.904626+0.000000i
	-1.947182+0.000000i
	5.079466+0.000000i
	6.729401+0.000000i
	-2.557831+0.000000i
	-9.098390+0.000000i
	-6.782962+0.000000i
	-2.481984+0.000000i
	4.184122+0.000000i
	10.391356+0.000000i
	5.421096+0.000000i
	-4.449658+0.000000i
	-4.816246+0.000000i
	0.225058+0.000000i
	4.042633+0.000000i
	9.656013+0.000000i
	11.612432+0.000000i
	4.944728+0.000000i
	0.606666+0.000000i
	2.232269+0.000000i
	0.720256+0.000000i
	-0.699180+0.000000i
	3.979239+0.000000i
	6.484365+0.000000i
	4.484802+0.000000i
	4.262937+0.000000i
	1.060494+0.000000i
	-6.343490+0.000000i
	-5.344897+0.000000i
	3.371860+0.000000i
	6.686635+0.000000i
	4.718280+0.000000i
	0.491231+0.000000i
	-9.029598+0.000000i
	-14.693839+0.000000i
	-7.136674+0.000000i
	1.769670+0.000000i
	2.259038+0.000000i
	0.370095+0.000000i
	-3.496669+0.000000i
	-10.069798+0.000000i
	-9.120224+0.000000i
	-1.446138+0.000000i
	0.409282+0.000000i
	-1.050494+0.000000i
	0.716226+0.000000i
	-0.961289+0.000000i
	-5.717757+0.000000i
	-5.064509+0.000000i
	-3.213709+0.000000i
	-3.241004+0.000000i
	2.835924+0.000000i
	10.263441+0.000000i
	7.328374+0.000000i
	0.409953+0.000000i
	-2.051405+0.000000i
	-3.029567+0.000000i
	0.707254+0.000000i
	10.838943+0.000000i
	13.354519+0.000000i
	4.313519+0.000000i
	-2.393543+0.000000i
	-3.244456+0.000000i
	-2.065726+0.000000i
	4.881953+0.000000i
	12.236811+0.000000i
	8.669050+0.000000i
	1.359657+0.000000i
	0.050860+0.000000i
	-1.380740+0.000000i
	-3.589366+0.000000i
	-0.255288+0.000000i
	2.199702+0.000000i
	-0.407483+0.000000i
	-0.126777+0.000000i
	0.291354+0.000000i
	-6.337794+0.000000i
	-10.356647+0.000000i
	-5.402749+0.000000i
	-0.511442+0.000000i
	2.312442+0.000000i
	4.536968+0.000000i
	-1.772765+0.000000i
	-12.867065+0.000000i
	-13.200197+0.000000i
	-5.096270+0.000000i
	0.249257+0.000000i
	3.687624+0.000000i
	3.347450+0.000000i
	-4.999990+0.000000i
	-9.868938+0.000000i
	-3.665344+0.000000i
	2.254014+0.000000i
	3.695779+0.000000i
	6.301233+0.000000i
	5.352211+0.000000i
	-0.468559+0.000000i
	-1.260030+0.000000i
	0.945323+0.000000i
	-0.952383+0.000000i
	0.737301+0.000000i
	8.220092+0.000000i
	10.002234+0.000000i
	6.233942+0.000000i
	3.685973+0.000000i
	-0.863650+0.000000i
	-3.848181+0.000000i
	3.749022+0.000000i
	12.204534+0.000000i
	9.415361+0.000000i
	2.321405+0.000000i
	-3.426815+0.000000i
	-8.860365+0.000000i
	-6.267987+0.000000i
	4.407103+0.000000i
	7.798872+0.000000i
	2.216501+0.000000i
	-1.532924+0.000000i
	-4.638449+0.000000i
	-8.120584+0.000000i
	-4.802685+0.000000i
	0.029799+0.000000i
	-2.030499+0.000000i
	-3.345686+0.000000i
	-1.222636+0.000000i
	-4.674096+0.000000i
	-9.743412+0.000000i
	-8.004766+0.000000i
	-4.904626+0.000000i
	-1.947182+0.000000i
	5.079466+0.000000i
	6.729401+0.000000i
	-2.557831+0.000000i
	-9.098390+0.000000i
	-6.782962+0.000000i
	-2.481984+0.000000i
	4.184122+0.000000i
	10.391356+0.000000i
	5.421096+0.000000i
	-4.449658+0.000000i
	-4.816246+0.000000i
	0.225058+0.000000i
	4.042633+0.000000i
	9.656013+0.000000i
	11.612432+0.000000i
	4.944728+0.000000i
	0.606666+0.000000i
	2.232269+0.000000i
	0.720256+0.000000i
	-0.699180+0.000000i
	3.979239+0.000000i
	6.484365+0.000000i
	4.484802+0.000000i
	4.262937+0.000000i
	1.060494+0.000000i
	-6.343490+0.000000i
	-5.344897+0.000000i
	3.371860+0.000000i
	6.686635+0.000000i
	4.718280+0.000000i
	0.491231+0.000000i
	-9.029598+0.000000i
	-14.693839+0.000000i
	-7.136674+0.000000i
	1.769670+0.000000i
	2.259038+0.000000i
	0.370095+0.000000i
	-3.496669+0.000000i
	-10.069798+0.000000i
	-9.120224+0.000000i
	-1.446138+0.000000i
	0.409282+0.000000i
	-1.050494+0.000000i
	0.716226+0.000000i
	-0.961289+0.000000i
	-5.717757+0.000000i
	-5.064509+0.000000i
	-3.213709+0.000000i
	-3.241004+0.000000i
	2.835924+0.000000i
}
THINGMat {
	rows: 16 x cols: 16
	elements:
	1.000000+0.000000i	1.000000+0.000000i	1.000000+0.000000i	1.000000+0.000000i	1.000000+0.000000i	1.000000+0.000000i	1.000000+0.000000i	1.000000+0.000000i	1.000000+0.000000i	1.000000+0.000000i	1.000000+0.000000i	1.000000+0.000000i	1.000000+0.000000i	1.000000+0.000000i	1.000000+0.000000i	1.000000+0.000000i	
	1.000000+0.000000i	0.923880-0.382683i	0.707107-0.707107i	0.382683-0.923880i	0.000000-1.000000i	-0.382683-0.923880i	-0.707107-0.707107i	-0.923880-0.382683i	-1.000000-0.000000i	-0.923880+0.382683i	-0.707107+0.707107i	-0.382683+0.923880i	-0.000000+1.000000i	0.382683+0.923880i	0.707107+0.707107i	0.923880+0.382683i	
	1.000000+0.000000i	0.707107-0.707107i	0.000000-1.000000i	-0.707107-0.707107i	-1.000000-0.000000i	-0.707107+0.707107i	-0.000000+1.000000i	0.707107+0.707107i	1.000000+0.000000i	0.707107-0.707107i	0.000000-1.000000i	-0.707107-0.707107i	-1.000000-0.000000i	-0.707107+0.707107i	-0.000000+1.000000i	0.707107+0.707107i	
	1.000000+0.000000i	0.382683-0.923880i	-0.707107-0.707107i	-0.923880+0.382683i	-0.000000+1.000000i	0.923880+0.382683i	0.707107-0.707107i	-0.382683-0.923880i	-1.000000-0.000000i	-0.382683+0.923880i	0.707107+0.707107i	0.923880-0.382683i	0.000000-1.000000i	-0.923880-0.382683i	-0.707107+0.707107i	0.382683+0.923880i	
	1.000000+0.000000i	0.000000-1.000000i	-1.000000-0.000000i	-0.000000+1.000000i	1.000000+0.000000i	0.000000-1.000000i	-1.000000-0.000000i	-0.000000+1.000000i	1.000000+0.000000i	0.000000-1.000000i	-1.000000-0.000000i	-0.000000+1.000000i	1.000000+0.000000i	0.000000-1.000000i	-1.000000-0.000000i	-0.000000+1.000000i	
	1.000000+0.000000i	-0.382683-0.923880i	-0.707107+0.707107i	0.923880+0.382683i	0.000000-1.000000i	-0.923880+0.382683i	0.707107+0.707107i	0.382683-0.923880i	-1.000000-0.000000i	0.382683+0.923880i	0.707107-0.707107i	-0.923880-0.382683i	-0.000000+1.000000i	0.923880-0.382683i	-0.707107-0.707107i	-0.382683+0.923880i	
	1.000000+0.000000i	-0.707107-0.707107i	-0.000000+1.000000i	0.707107-0.707107i	-1.000000-0.000000i	0.707107+0.707107i	0.000000-1.000000i	-0.707107+0.707107i	1.000000+0.000000i	-0.707107-0.707107i	-0.000000+1.000000i	0.707107-0.707107i	-1.000000-0.000000i	0.707107+0.707107i	0.000000-1.000000i	-0.707107+0.707107i	
	1.000000+0.000000i	-0.923880-0.382683i	0.707107+0.707107i	-0.382683-0.923880i	-0.000000+1.000000i	0.382683-0.923880i	-0.707107+0.707107i	0.923880-0.382683i	-1.000000-0.000000i	0.923880+0.382683i	-0.707107-0.707107i	0.382683+0.923880i	0.000000-1.000000i	-0.382683+0.923880i	0.707107-0.707107i	-0.923880+0.382683i	
	1.000000+0.000000i	-1.000000-0.000000i	1.000000+0.000000i	-1.000000-0.000000i	1.000000+0.000000i	-1.000000-0.000000i	1.000000+0.000000i	-1.000000-0.000000i	1.000000+0.000000i	-1.000000-0.000000i	1.000000+0.000000i	-1.000000-0.000000i	1.000000+0.000000i	-1.000000-0.000000i	1.000000+0.000000i	-1.000000-0.000000i	
	1.000000+0.000000i	-0.923880+0.382683i	0.707107-0.707107i	-0.382683+0.923880i	0.000000-1.000000i	0.382683+0.923880i	-0.707107-0.707107i	0.923880+0.382683i	-1.000000-0.000000i	0.923880-0.382683i	-0.707107+0.707107i	0.382683-0.923880i	-0.000000+1.000000i	-0.382683-0.923880i	0.707107+0.707107i	-0.923880-0.382683i	
	1.000000+0.000000i	-0.707107+0.707107i	0.000000-1.000000i	0.707107+0.707107i	-1.000000-0.000000i	0.707107-0.707107i	-0.000000+1.000000i	-0.707107-0.707107i	1.000000+0.000000i	-0.707107+0.707107i	0.000000-1.000000i	0.707107+0.707107i	-1.000000-0.000000i	0.707107-0.707107i	-0.000000+1.000000i	-0.707107-0.707107i	
	1.000000+0.000000i	-0.382683+0.923880i	-0.707107-0.707107i	0.923880-0.382683i	-0.000000+1.000000i	-0.923880-0.382683i	0.707107-0.707107i	0.382683+0.923880i	-1.000000-0.000000i	0.382683-0.923880i	0.707107+0.707107i	-0.923880+0.382683i	0.000000-1.000000i	0.923880+0.382683i	-0.707107+0.707107i	-0.382683-0.923880i	
	1.000000+0.000000i	-0.000000+1.000000i	-1.000000-0.000000i	0.000000-1.000000i	1.000000+0.000000i	-0.000000+1.000000i	-1.000000-0.000000i	0.000000-1.000000i	1.000000+0.000000i	-0.000000+1.000000i	-1.000000-0.000000i	0.000000-1.000000i	1.000000+0.000000i	-0.000000+1.000000i	-1.000000-0.000000i	0.000000-1.000000i	
	1.000000+0.000000i	0.382683+0.923880i	-0.707107+0.707107i	-0.923880-0.382683i	0.000000-1.000000i	0.923880-0.382683i	0.707107+0.707107i	-0.382683+0.923880i	-1.000000-0.000000i	-0.382683-0.923880i	0.707107-0.707107i	0.923880+0.382683i	-0.000000+1.000000i	-0.923880+0.382683i	-0.707107-0.707107i	0.382683-0.923880i	
	1.000000+0.000000i	0.707107+0.707107i	-0.000000+1.000000i	-0.707107+0.707107i	-1.000000-0.000000i	-0.707107-0.707107i	0.000000-1.000000i	0.707107-0.707107i	1.000000+0.000000i	0.707107+0.707107i	-0.000000+1.000000i	-0.707107+0.707107i	-1.000000-0.000000i	-0.707107-0.707107i	0.000000-1.000000i	0.707107-0.707107i	
	1.000000+0.000000i	0.923880+0.382683i	0.707107+0.707107i	0.382683+0.923880i	-0.000000+1.000000i	-0.382683+0.923880i	-0.707107+0.707107i	-0.923880+0.382683i	-1.000000-0.000000i	-0.923880-0.382683i	-0.707107-0.707107i	-0.382683-0.923880i	0.000000-1.000000i	0.382683-0.923880i	0.707107-0.707107i	0.923880-0.382683i	
}
THINGMat {
	rows: 16 x cols: 16
	elements:
	1.000000+0.000000i	1.000000+0.000000i	1.000000+0.000000i	1.000000+0.000000i	1.000000+0.000000i	1.000000+0.000000i	1.000000+0.000000i	1.000000+0.000000i	1.000000+0.000000i	1.000000+0.000000i	1.000000+0.000000i	1.000000+0.000000i	1.000000+0.000000i	1.000000+0.000000i	1.000000+0.000000i	1.000000+0.000000i	
	1.000000+0.000000i	0.923880-0.382683i	0.707107-0.707107i	0.382683-0.923880i	0.000000-1.000000i	-0.382683-0.923880i	-0.707107-0.707107i	-0.923880-0.382683i	-1.000000-0.000000i	-0.923880+0.382683i	-0.707107+0.707107i	-0.382683+0.923880i	-0.000000+1.000000i	0.382683+0.923880i	0.707107+0.707107i	0.923880+0.382683i	
	1.000000+0.000000i	0.707107-0.707107i	0.000000-1.000000i	-0.707107-0.707107i	-1.000000-0.000000i	-0.707107+0.707107i	-0.000000+1.000000i	0.707107+0.707107i	1.000000+0.000000i	0.707107-0.707107i	0.000000-1.000000i	-0.707107-0.707107i	-1.000000-0.000000i	-0.707107+0.707107i	-0.000000+1.000000i	0.707107+0.707107i	
	1.000000+0.000000i	0.382683-0.923880i	-0.707107-0.707107i	-0.923880+0.382683i	-0.000000+1.000000i	0.923880+0.382683i	0.707107-0.707107i	-0.382683-0.923880i	-1.000000-0.000000i	-0.382683+0.923880i	0.707107+0.707107i	0.923880-0.382683i	0.000000-1.000000i	-0.923880-0.382683i	-0.707107+0.707107i	0.382683+0.923880i	
	1.000000+0.000000i	0.000000-1.000000i	-1.000000-0.000000i	-0.000000+1.000000i	1.000000+0.000000i	0.000000-1.000000i	-1.000000-0.000000i	-0.000000+1.000000i	1.000000+0.000000i	0.000000-1.000000i	-1.000000-0.000000i	-0.000000+1.000000i	1.000000+0.000000i	0.000000-1.000000i	-1.000000-0.000000i	-0.000000+1.000000i	
	1.000000+0.000000i	-0.382683-0.923880i	-0.707107+0.707107i	0.923880+0.382683i	0.000000-1.000000i	-0.923880+0.382683i	0.707107+0.707107i	0.382683-0.923880i	-1.000000-0.000000i	0.382683+0.923880i	0.707107-0.707107i	-0.923880-0.382683i	-0.000000+1.000000i	0.923880-0.382683i	-0.707107-0.707107i	-0.382683+0.923880i	
	1.000000+0.000000i	-0.707107-0.707107i	-0.000000+1.000000i	0.707107-0.707107i	-1.000000-0.000000i	0.707107+0.707107i	0.000000-1.000000i	-0.707107+0.707107i	1.000000+0.000000i	-0.707107-0.707107i	-0.000000+1.000000i	0.707107-0.707107i	-1.000000-0.000000i	0.707107+0.707107i	0.000000-1.000000i	-0.707107+0.707107i	
	1.000000+0.000000i	-0.923880-0.382683i	0.707107+0.707107i	-0.382683-0.923880i	-0.000000+1.000000i	0.382683-0.923880i	-0.707107+0.707107i	0.923880-0.382683i	-1.000000-0.000000i	0.923880+0.382683i	-0.707107-0.707107i	0.382683+0.923880i	0.000000-1.000000i	-0.382683+0.923880i	0.707107-0.707107i	-0.923880+0.382683i	
	1.000000+0.000000i	-1.000000-0.000000i	1.000000+0.000000i	-1.000000-0.000000i	1.000000+0.000000i	-1.000000-0.000000i	1.000000+0.000000i	-1.000000-0.000000i	1.000000+0.000000i	-1.000000-0.000000i	1.000000+0.000000i	-1.000000-0.000000i	1.000000+0.000000i	-1.000000-0.000000i	1.000000+0.000000i	-1.000000-0.000000i	
	1.000000+0.000000i	-0.923880+0.382683i	0.707107-0.707107i	-0.382683+0.923880i	0.000000-1.000000i	0.382683+0.923880i	-0.707107-0.707107i	0.923880+0.382683i	-1.000000-0.000000i	0.923880-0.382683i	-0.707107+0.707107i	0.382683-0.923880i	-0.000000+1.000000i	-0.382683-0.923880i	0.707107+0.707107i	-0.923880-0.382683i	
	1.000000+0.000000i	-0.707107+0.707107i	0.000000-1.000000i	0.707107+0.707107i	-1.000000-0.000000i	0.707107-0.707107i	-0.000000+1.000000i	-0.707107-0.707107i	1.000000+0.000000i	-0.707107+0.707107i	0.000000-1.000000i	0.707107+0.707107i	-1.000000-0.000000i	0.707107-0.707107i	-0.000000+1.000000i	-0.707107-0.707107i	
	1.000000+0.000000i	-0.382683+0.923880i	-0.707107-0.707107i	0.923880-0.382683i	-0.000000+1.000000i	-0.923880-0.382683i	0.707107-0.707107i	0.382683+0.923880i	-1.000000-0.000000i	0.382683-0.923880i	0.707107+0.707107i	-0.923880+0.382683i	0.000000-1.000000i	0.923880+0.382683i	-0.707107+0.707107i	-0.382683-0.923880i	
	1.000000+0.000000i	-0.000000+1.000000i	-1.000000-0.000000i	0.000000-1.000000i	1.000000+0.000000i	-0.000000+1.000000i	-1.000000-0.000000i	0.000000-1.000000i	1.000000+0.000000i	-0.000000+1.000000i	-1.000000-0.000000i	0.000000-1.000000i	1.000000+0.000000i	-0.000000+1.000000i	-1.000000-0.000000i	0.000000-1.000000i	
	1.000000+0.000000i	0.382683+0.923880i	-0.707107+0.707107i	-0.923880-0.382683i	0.000000-1.000000i	0.923880-0.382683i	0.707107+0.707107i	-0.382683+0.923880i	-1.000000-0.000000i	-0.382683-0.923880i	0.707107-0.707107i	0.923880+0.382683i	-0.000000+1.000000i	-0.923880+0.382683i	-0.707107-0.707107i	0.382683-0.923880i	
	1.000000+0.000000i	0.707107+0.707107i	-0.000000+1.000000i	-0.707107+0.707107i	-1.000000-0.000000i	-0.707107-0.707107i	0.000000-1.000000i	0.707107-0.707107i	1.000000+0.000000i	0.707107+0.707107i	-0.000000+1.000000i	-0.707107+0.707107i	-1.000000-0.000000i	-0.707107-0.707107i	0.000000-1.000000i	0.707107-0.707107i	
	1.000000+0.000000i	0.923880+0.382683i	0.707107+0.707107i	0.382683+0.923880i	-0.000000+1.000000i	-0.382683+0.923880i	-0.707107+0.707107i	-0.923880+0.382683i	-1.000000-0.000000i	-0.923880-0.382683i	-0.707107-0.707107i	-0.382683-0.923880i	0.000000-1.000000i	0.382683-0.923880i	0.707107-0.707107i	0.923880-0.382683i	
}
THINGMat {
	rows: 16 x cols: 16
	elements:
	1.000000+0.000000i	1.000000+0.000000i	1.000000+0.000000i	1.000000+0.000000i	1.000000+0.000000i	1.000000+0.000000i	1.000000+0.000000i	1.000000+0.000000i	1.000000+0.000000i	1.000000+0.000000i	1.000000+0.000000i	1.000000+0.000000i	1.000000+0.000000i	1.000000+0.000000i	1.000000+0.000000i	1.000000+0.000000i	
	1.000000+0.000000i	0.923880-0.382683i	0.707107-0.707107i	0.382683-0.923880i	0.000000-1.000000i	-0.382683-0.923880i	-0.707107-0.707107i	-0.923880-0.382683i	-1.000000-0.000000i	-0.923880+0.382683i	-0.707107+0.707107i	-0.382683+0.923880i	-0.000000+1.000000i	0.382683+0.923880i	0.707107+0.707107i	0.923880+0.382683i	
	1.000000+0.000000i	0.707107-0.707107i	0.000000-1.000000i	-0.707107-0.707107i	-1.000000-0.000000i	-0.707107+0.707107i	-0.000000+1.000000i	0.707107+0.707107i	1.000000+0.000000i	0.707107-0.707107i	0.000000-1.000000i	-0.707107-0.707107i	-1.000000-0.000000i	-0.707107+0.707107i	-0.000000+1.000000i	0.707107+0.707107i	
	1.000000+0.000000i	0.382683-0.923880i	-0.707107-0.707107i	-0.923880+0.382683i	-0.000000+1.000000i	0.923880+0.382683i	0.707107-0.707107i	-0.382683-0.923880i	-1.000000-0.000000i	-0.382683+0.923880i	0.707107+0.707107i	0.923880-0.382683i	0.000000-1.000000i	-0.923880-0.382683i	-0.707107+0.707107i	0.382683+0.923880i	
	1.000000+0.000000i	0.000000-1.000000i	-1.000000-0.000000i	-0.000000+1.000000i	1.000000+0.000000i	0.000000-1.000000i	-1.000000-0.000000i	-0.000000+1.000000i	1.000000+0.000000i	0.000000-1.000000i	-1.000000-0.000000i	-0.000000+1.000000i	1.000000+0.000000i	0.000000-1.000000i	-1.000000-0.000000i	-0.000000+1.000000i	
	1.000000+0.000000i	-0.382683-0.923880i	-0.707107+0.707107i	0.923880+0.382683i	0.000000-1.000000i	-0.923880+0.382683i	0.707107+0.707107i	0.382683-0.923880i	-1.000000-0.000000i	0.382683+0.923880i	0.707107-0.707107i	-0.923880-0.382683i	-0.000000+1.000000i	0.923880-0.382683i	-0.707107-0.707107i	-0.382683+0.923880i	
	1.000000+0.000000i	-0.707107-0.707107i	-0.000000+1.000000i	0.707107-0.707107i	-1.000000-0.000000i	0.707107+0.707107i	0.000000-1.000000i	-0.707107+0.707107i	1.000000+0.000000i	-0.707107-0.707107i	-0.000000+1.000000i	0.707107-0.707107i	-1.000000-0.000000i	0.707107+0.707107i	0.000000-1.000000i	-0.707107+0.707107i	
	1.000000+0.000000i	-0.923880-0.382683i	0.707107+0.707107i	-0.382683-0.923880i	-0.000000+1.000000i	0.382683-0.923880i	-0.707107+0.707107i	0.923880-0.382683i	-1.000000-0.000000i	0.923880+0.382683i	-0.707107-0.707107i	0.382683+0.923880i	0.000000-1.000000i	-0.382683+0.923880i	0.707107-0.707107i	-0.923880+0.382683i	
	1.000000+0.000000i	-1.000000-0.000000i	1.000000+0.000000i	-1.000000-0.000000i	1.000000+0.000000i	-1.000000-0.000000i	1.000000+0.000000i	-1.000000-0.000000i	1.000000+0.000000i	-1.000000-0.000000i	1.000000+0.000000i	-1.000000-0.000000i	1.000000+0.000000i	-1.000000-0.000000i	1.000000+0.000000i	-1.000000-0.000000i	
	1.000000+0.000000i	-0.923880+0.382683i	0.707107-0.707107i	-0.382683+0.923880i	0.000000-1.000000i	0.382683+0.923880i	-0.707107-0.707107i	0.923880+0.382683i	-1.000000-0.000000i	0.923880-0.382683i	-0.707107+0.707107i	0.382683-0.923880i	-0.000000+1.000000i	-0.382683-0.923880i	0.707107+0.707107i	-0.923880-0.382683i	
	1.000000+0.000000i	-0.707107+0.707107i	0.000000-1.000000i	0.707107+0.707107i	-1.000000-0.000000i	0.707107-0.707107i	-0.000000+1.000000i	-0.707107-0.707107i	1.000000+0.000000i	-0.707107+0.707107i	0.000000-1.000000i	0.707107+0.707107i	-1.000000-0.000000i	0.707107-0.707107i	-0.000000+1.000000i	-0.707107-0.707107i	
	1.000000+0.000000i	-0.382683+0.923880i	-0.707107-0.707107i	0.923880-0.382683i	-0.000000+1.000000i	-0.923880-0.382683i	0.707107-0.707107i	0.382683+0.923880i	-1.000000-0.000000i	0.382683-0.923880i	0.707107+0.707107i	-0.923880+0.382683i	0.000000-1.000000i	0.923880+0.382683i	-0.707107+0.707107i	-0.382683-0.923880i	
	1.000000+0.000000i	-0.000000+1.000000i	-1.000000-0.000000i	0.000000-1.000000i	1.000000+0.000000i	-0.000000+1.000000i	-1.000000-0.000000i	0.000000-1.000000i	1.000000+0.000000i	-0.000000+1.000000i	-1.000000-0.000000i	0.000000-1.000000i	1.000000+0.000000i	-0.000000+1.000000i	-1.000000-0.000000i	0.000000-1.000000i	
	1.000000+0.000000i	0.382683+0.923880i	-0.707107+0.707107i	-0.923880-0.382683i	0.000000-1.000000i	0.923880-0.382683i	0.707107+0.707107i	-0.382683+0.923880i	-1.000000-0.000000i	-0.382683-0.923880i	0.707107-0.707107i	0.923880+0.382683i	-0.000000+1.000000i	-0.923880+0.382683i	-0.707107-0.707107i	0.382683-0.923880i	
	1.000000+0.000000i	0.707107+0.707107i	-0.000000+1.000000i	-0.707107+0.707107i	-1.000000-0.000000i	-0.707107-0.707107i	0.000000-1.000000i	0.707107-0.707107i	1.000000+0.000000i	0.707107+0.707107i	-0.000000+1.000000i	-0.707107+0.707107i	-1.000000-0.000000i	-0.707107-0.707107i	0.000000-1.000000i	0.707107-0.707107i	
	1.000000+0.000000i	0.923880+0.382683i	0.707107+0.707107i	0.382683+0.923880i	-0.000000+1.000000i	-0.382683+0.923880i	-0.707107+0.707107i	-0.923880+0.382683i	-1.000000-0.000000i	-0.923880-0.382683i	-0.707107-0.707107i	-0.382683-0.923880i	0.000000-1.000000i	0.382683-0.923880i	0.707107-0.707107i	0.923880-0.382683i	
}
THINGMat {
	rows: 16 x cols: 16
	elements:
	1.000000+0.000000i	1.000000+0.000000i	1.000000+0.000000i	1.000000+0.000000i	1.000000+0.000000i	1.000000+0.000000i	1.000000+0.000000i	1.000000+0.000000i	1.000000+0.000000i	1.000000+0.000000i	1.000000+0.000000i	1.000000+0.000000i	1.000000+0.000000i	1.000000+0.000000i	1.000000+0.000000i	1.000000+0.000000i	
	1.000000+0.000000i	0.923880-0.382683i	0.707107-0.707107i	0.382683-0.923880i	0.000000-1.000000i	-0.382683-0.923880i	-0.707107-0.707107i	-0.923880-0.382683i	-1.000000-0.000000i	-0.923880+0.382683i	-0.707107+0.707107i	-0.382683+0.923880i	-0.000000+1.000000i	0.382683+0.923880i	0.707107+0.707107i	0.923880+0.382683i	
	1.000000+0.000000i	0.707107-0.707107i	0.000000-1.000000i	-0.707107-0.707107i	-1.000000-0.000000i	-0.707107+0.707107i	-0.000000+1.000000i	0.707107+0.707107i	1.000000+0.000000i	0.707107-0.707107i	0.000000-1.000000i	-0.707107-0.707107i	-1.000000-0.000000i	-0.707107+0.707107i	-0.000000+1.000000i	0.707107+0.707107i	
	1.000000+0.000000i	0.382683-0.923880i	-0.707107-0.707107i	-0.923880+0.382683i	-0.000000+1.000000i	0.923880+0.382683i	0.707107-0.707107i	-0.382683-0.923880i	-1.000000-0.000000i	-0.382683+0.923880i	0.707107+0.707107i	0.923880-0.382683i	0.000000-1.000000i	-0.923880-0.382683i	-0.707107+0.707107i	0.382683+0.923880i	
	1.000000+0.000000i	0.000000-1.000000i	-1.000000-0.000000i	-0.000000+1.000000i	1.000000+0.000000i	0.000000-1.000000i	-1.000000-0.000000i	-0.000000+1.000000i	1.000000+0.000000i	0.000000-1.000000i	-1.000000-0.000000i	-0.000000+1.000000i	1.000000+0.000000i	0.000000-1.000000i	-1.000000-0.000000i	-0.000000+1.000000i	
	1.000000+0.000000i	-0.382683-0.923880i	-0.707107+0.707107i	0.923880+0.382683i	0.000000-1.000000i	-0.923880+0.382683i	0.707107+0.707107i	0.382683-0.923880i	-1.000000-0.000000i	0.382683+0.923880i	0.707107-0.707107i	-0.923880-0.382683i	-0.000000+1.000000i	0.923880-0.382683i	-0.707107-0.707107i	-0.382683+0.923880i	
	1.000000+0.000000i	-0.707107-0.707107i	-0.000000+1.000000i	0.707107-0.707107i	-1.000000-0.000000i	0.707107+0.707107i	0.000000-1.000000i	-0.707107+0.707107i	1.000000+0.000000i	-0.707107-0.707107i	-0.000000+1.000000i	0.707107-0.707107i	-1.000000-0.000000i	0.707107+0.707107i	0.000000-1.000000i	-0.707107+0.707107i	
	1.000000+0.000000i	-0.923880-0.382683i	0.707107+0.707107i	-0.382683-0.923880i	-0.000000+1.000000i	0.382683-0.923880i	-0.707107+0.707107i	0.923880-0.382683i	-1.000000-0.000000i	0.923880+0.382683i	-0.707107-0.707107i	0.382683+0.923880i	0.000000-1.000000i	-0.382683+0.923880i	0.707107-0.707107i	-0.923880+0.382683i	
	1.000000+0.000000i	-1.000000-0.000000i	1.000000+0.000000i	-1.000000-0.000000i	1.000000+0.000000i	-1.000000-0.000000i	1.000000+0.000000i	-1.000000-0.000000i	1.000000+0.000000i	-1.000000-0.000000i	1.000000+0.000000i	-1.000000-0.000000i	1.000000+0.000000i	-1.000000-0.000000i	1.000000+0.000000i	-1.000000-0.000000i	
	1.000000+0.000000i	-0.923880+0.382683i	0.707107-0.707107i	-0.382683+0.923880i	0.000000-1.000000i	0.382683+0.923880i	-0.707107-0.707107i	0.923880+0.382683i	-1.000000-0.000000i	0.923880-0.382683i	-0.707107+0.707107i	0.382683-0.923880i	-0.000000+1.000000i	-0.382683-0.923880i	0.707107+0.707107i	-0.923880-0.382683i	
	1.000000+0.000000i	-0.707107+0.707107i	0.000000-1.000000i	0.707107+0.707107i	-1.000000-0.000000i	0.707107-0.707107i	-0.000000+1.000000i	-0.707107-0.707107i	1.000000+0.000000i	-0.707107+0.707107i	0.000000-1.000000i	0.707107+0.707107i	-1.000000-0.000000i	0.707107-0.707107i	-0.000000+1.000000i	-0.707107-0.707107i	
	1.000000+0.000000i	-0.382683+0.923880i	-0.707107-0.707107i	0.923880-0.382683i	-0.000000+1.000000i	-0.923880-0.382683i	0.707107-0.707107i	0.382683+0.923880i	-1.000000-0.000000i	0.382683-0.923880i	0.707107+0.707107i	-0.923880+0.382683i	0.000000-1.000000i	0.923880+0.382683i	-0.707107+0.707107i	-0.382683-0.923880i	
	1.000000+0.000000i	-0.000000+1.000000i	-1.000000-0.000000i	0.000000-1.000000i	1.000000+0.000000i	-0.000000+1.000000i	-1.000000-0.000000i	0.000000-1.000000i	1.000000+0.000000i	-0.000000+1.000000i	-1.000000-0.000000i	0.000000-1.000000i	1.000000+0.000000i	-0.000000+1.000000i	-1.000000-0.000000i	0.000000-1.000000i	
	1.000000+0.000000i	0.382683+0.923880i	-0.707107+0.707107i	-0.923880-0.382683i	0.000000-1.000000i	0.923880-0.382683i	0.707107+0.707107i	-0.382683+0.923880i	-1.000000-0.000000i	-0.382683-0.923880i	0.707107-0.707107i	0.923880+0.382683i	-0.000000+1.000000i	-0.923880+0.382683i	-0.707107-0.707107i	0.382683-0.923880i	
	1.000000+0.000000i	0.707107+0.707107i	-0.000000+1.000000i	-0.707107+0.707107i	-1.000000-0.000000i	-0.707107-0.707107i	0.000000-1.000000i	0.707107-0.707107i	1.000000+0.000000i	0.707107+0.707107i	-0.000000+1.000000i	-0.707107+0.707107i	-1.000000-0.000000i	-0.707107-0.707107i	0.000000-1.000000i	0.707107-0.707107i	
	1.000000+0.000000i	0.923880+0.382683i	0.707107+0.707107i	0.382683+0.923880i	-0.000000+1.000000i	-0.382683+0.923880i	-0.707107+0.707107i	-0.923880+0.382683i	-1.000000-0.000000i	-0.923880-0.382683i	-0.707107-0.707107i	-0.382683-0.923880i	0.000000-1.000000i	0.382683-0.923880i	0.707107-0.707107i	0.923880-0.382683i	
}
THINGMat {
	rows: 16 x cols: 16
	elements:
	1.000000+0.000000i	1.000000+0.000000i	1.000000+0.000000i	1.000000+0.000000i	1.000000+0.000000i	1.000000+0.000000i	1.000000+0.000000i	1.000000+0.000000i	1.000000+0.000000i	1.000000+0.000000i	1.000000+0.000000i	1.000000+0.000000i	1.000000+0.000000i	1.000000+0.000000i	1.000000+0.000000i	1.000000+0.000000i	
	1.000000+0.000000i	0.923880-0.382683i	0.707107-0.707107i	0.382683-0.923880i	0.000000-1.000000i	-0.382683-0.923880i	-0.707107-0.707107i	-0.923880-0.382683i	-1.000000-0.000000i	-0.923880+0.382683i	-0.707107+0.707107i	-0.382683+0.923880i	-0.000000+1.000000i	0.382683+0.923880i	0.707107+0.707107i	0.923880+0.382683i	
	1.000000+0.000000i	0.707107-0.707107i	0.000000-1.000000i	-0.707107-0.707107i	-1.000000-0.000000i	-0.707107+0.707107i	-0.000000+1.000000i	0.707107+0.707107i	1.000000+0.000000i	0.707107-0.707107i	0.000000-1.000000i	-0.707107-0.707107i	-1.000000-0.000000i	-0.707107+0.707107i	-0.000000+1.000000i	0.707107+0.707107i	
	1.000000+0.000000i	0.382683-0.923880i	-0.707107-0.707107i	-0.923880+0.382683i	-0.000000+1.000000i	0.923880+0.382683i	0.707107-0.707107i	-0.382683-0.923880i	-1.000000-0.000000i	-0.382683+0.923880i	0.707107+0.707107i	0.923880-0.382683i	0.000000-1.000000i	-0.923880-0.382683i	-0.707107+0.707107i	0.382683+0.923880i	
	1.000000+0.000000i	0.000000-1.000000i	-1.000000-0.000000i	-0.000000+1.000000i	1.000000+0.000000i	0.000000-1.000000i	-1.000000-0.000000i	-0.000000+1.000000i	1.000000+0.000000i	0.000000-1.000000i	-1.000000-0.000000i	-0.000000+1.000000i	1.000000+0.000000i	0.000000-1.000000i	-1.000000-0.000000i	-0.000000+1.000000i	
	1.000000+0.000000i	-0.382683-0.923880i	-0.707107+0.707107i	0.923880+0.382683i	0.000000-1.000000i	-0.923880+0.382683i	0.707107+0.707107i	0.382683-0.923880i	-1.000000-0.000000i	0.382683+0.923880i	0.707107-0.707107i	-0.923880-0.382683i	-0.000000+1.000000i	0.923880-0.382683i	-0.707107-0.707107i	-0.382683+0.923880i	
	1.000000+0.000000i	-0.707107-0.707107i	-0.000000+1.000000i	0.707107-0.707107i	-1.000000-0.000000i	0.707107+0.707107i	0.000000-1.000000i	-0.707107+0.707107i	1.000000+0.000000i	-0.707107-0.707107i	-0.000000+1.000000i	0.707107-0.707107i	-1.000000-0.000000i	0.707107+0.707107i	0.000000-1.000000i	-0.707107+0.707107i	
	1.000000+0.000000i	-0.923880-0.382683i	0.707107+0.707107i	-0.382683-0.923880i	-0.000000+1.000000i	0.382683-0.923880i	-0.707107+0.707107i	0.923880-0.382683i	-1.000000-0.000000i	0.923880+0.382683i	-0.707107-0.707107i	0.382683+0.923880i	0.000000-1.000000i	-0.382683+0.923880i	0.707107-0.707107i	-0.923880+0.382683i	
	1.000000+0.000000i	-1.000000-0.000000i	1.000000+0.000000i	-1.000000-0.000000i	1.000000+0.000000i	-1.000000-0.000000i	1.000000+0.000000i	-1.000000-0.000000i	1.000000+0.000000i	-1.000000-0.000000i	1.000000+0.000000i	-1.000000-0.000000i	1.000000+0.000000i	-1.000000-0.000000i	1.000000+0.000000i	-1.000000-0.000000i	
	1.000000+0.000000i	-0.923880+0.382683i	0.707107-0.707107i	-0.382683+0.923880i	0.000000-1.000000i	0.382683+0.923880i	-0.707107-0.707107i	0.923880+0.382683i	-1.000000-0.000000i	0.923880-0.382683i	-0.707107+0.707107i	0.382683-0.923880i	-0.000000+1.000000i	-0.382683-0.923880i	0.707107+0.707107i	-0.923880-0.382683i	
	1.000000+0.000000i	-0.707107+0.707107i	0.000000-1.000000i	0.707107+0.707107i	-1.000000-0.000000i	0.707107-0.707107i	-0.000000+1.000000i	-0.707107-0.707107i	1.000000+0.000000i	-0.707107+0.707107i	0.000000-1.000000i	0.707107+0.707107i	-1.000000-0.000000i	0.707107-0.707107i	-0.000000+1.000000i	-0.707107-0.707107i	
	1.000000+0.000000i	-0.382683+0.923880i	-0.707107-0.707107i	0.923880-0.382683i	-0.000000+1.000000i	-0.923880-0.382683i	0.707107-0.707107i	0.382683+0.923880i	-1.000000-0.000000i	0.382683-0.923880i	0.707107+0.707107i	-0.923880+0.382683i	0.000000-1.000000i	0.923880+0.382683i	-0.707107+0.707107i	-0.382683-0.923880i	
	1.000000+0.000000i	-0.000000+1.000000i	-1.000000-0.000000i	0.000000-1.000000i	1.000000+0.000000i	-0.000000+1.000000i	-1.000000-0.000000i	0.000000-1.000000i	1.000000+0.000000i	-0.000000+1.000000i	-1.000000-0.000000i	0.000000-1.000000i	1.000000+0.000000i	-0.000000+1.000000i	-1.000000-0.000000i	0.000000-1.000000i	
	1.000000+0.000000i	0.382683+0.923880i	-0.707107+0.707107i	-0.923880-0.382683i	0.000000-1.000000i	0.923880-0.382683i	0.707107+0.707107i	-0.382683+0.923880i	-1.000000-0.000000i	-0.382683-0.923880i	0.707107-0.707107i	0.923880+0.382683i	-0.000000+1.000000i	-0.923880+0.382683i	-0.707107-0.707107i	0.382683-0.923880i	
	1.000000+0.000000i	0.707107+0.707107i	-0.000000+1.000000i	-0.707107+0.707107i	-1.000000-0.000000i	-0.707107-0.707107i	0.000000-1.000000i	0.707107-0.707107i	1.000000+0.000000i	0.707107+0.707107i	-0.000000+1.000000i	-0.707107+0.707107i	-1.000000-0.000000i	-0.707107-0.707107i	0.000000-1.000000i	0.707107-0.707107i	
	1.000000+0.000000i	0.923880+0.382683i	0.707107+0.707107i	0.382683+0.923880i	-0.000000+1.000000i	-0.382683+0.923880i	-0.707107+0.707107i	-0.923880+0.382683i	-1.000000-0.000000i	-0.923880-0.382683i	-0.707107-0.707107i	-0.382683-0.923880i	0.000000-1.000000i	0.382683-0.923880i	0.707107-0.707107i	0.923880-0.382683i	
}
THINGMat {
	rows: 16 x cols: 16
	elements:
	1.000000+0.000000i	1.000000+0.000000i	1.000000+0.000000i	1.000000+0.000000i	1.000000+0.000000i	1.000000+0.000000i	1.000000+0.000000i	1.000000+0.000000i	1.000000+0.000000i	1.000000+0.000000i	1.000000+0.000000i	1.000000+0.000000i	1.000000+0.000000i	1.000000+0.000000i	1.000000+0.000000i	1.000000+0.000000i	
	1.000000+0.000000i	0.923880-0.382683i	0.707107-0.707107i	0.382683-0.923880i	0.000000-1.000000i	-0.382683-0.923880i	-0.707107-0.707107i	-0.923880-0.382683i	-1.000000-0.000000i	-0.923880+0.382683i	-0.707107+0.707107i	-0.382683+0.923880i	-0.000000+1.000000i	0.382683+0.923880i	0.707107+0.707107i	0.923880+0.382683i	
	1.000000+0.000000i	0.707107-0.707107i	0.000000-1.000000i	-0.707107-0.707107i	-1.000000-0.000000i	-0.707107+0.707107i	-0.000000+1.000000i	0.707107+0.707107i	1.000000+0.000000i	0.707107-0.707107i	0.000000-1.000000i	-0.707107-0.707107i	-1.000000-0.000000i	-0.707107+0.707107i	-0.000000+1.000000i	0.707107+0.707107i	
	1.000000+0.000000i	0.382683-0.923880i	-0.707107-0.707107i	-0.923880+0.382683i	-0.000000+1.000000i	0.923880+0.382683i	0.707107-0.707107i	-0.382683-0.923880i	-1.000000-0.000000i	-0.382683+0.923880i	0.707107+0.707107i	0.923880-0.382683i	0.000000-1.000000i	-0.923880-0.382683i	-0.707107+0.707107i	0.382683+0.923880i	
	1.000000+0.000000i	0.000000-1.000000i	-1.000000-0.000000i	-0.000000+1.000000i	1.000000+0.000000i	0.000000-1.000000i	-1.000000-0.000000i	-0.000000+1.000000i	1.000000+0.000000i	0.000000-1.000000i	-1.000000-0.000000i	-0.000000+1.000000i	1.000000+0.000000i	0.000000-1.000000i	-1.000000-0.000000i	-0.000000+1.000000i	
	1.000000+0.000000i	-0.382683-0.923880i	-0.707107+0.707107i	0.923880+0.382683i	0.000000-1.000000i	-0.923880+0.382683i	0.707107+0.707107i	0.382683-0.923880i	-1.000000-0.000000i	0.382683+0.923880i	0.707107-0.707107i	-0.923880-0.382683i	-0.000000+1.000000i	0.923880-0.382683i	-0.707107-0.707107i	-0.382683+0.923880i	
	1.000000+0.000000i	-0.707107-0.707107i	-0.000000+1.000000i	0.707107-0.707107i	-1.000000-0.000000i	0.707107+0.707107i	0.000000-1.000000i	-0.707107+0.707107i	1.000000+0.000000i	-0.707107-0.707107i	-0.000000+1.000000i	0.707107-0.707107i	-1.000000-0.000000i	0.707107+0.707107i	0.000000-1.000000i	-0.707107+0.707107i	
	1.000000+0.000000i	-0.923880-0.382683i	0.707107+0.707107i	-0.382683-0.923880i	-0.000000+1.000000i	0.382683-0.923880i	-0.707107+0.707107i	0.923880-0.382683i	-1.000000-0.000000i	0.923880+0.382683i	-0.707107-0.707107i	0.382683+0.923880i	0.000000-1.000000i	-0.382683+0.923880i	0.707107-0.707107i	-0.923880+0.382683i	
	1.000000+0.000000i	-1.000000-0.000000i	1.000000+0.000000i	-1.000000-0.000000i	1.000000+0.000000i	-1.000000-0.000000i	1.000000+0.000000i	-1.000000-0.000000i	1.000000+0.000000i	-1.000000-0.000000i	1.000000+0.000000i	-1.000000-0.000000i	1.000000+0.000000i	-1.000000-0.000000i	1.000000+0.000000i	-1.000000-0.000000i	
	1.000000+0.000000i	-0.923880+0.382683i	0.707107-0.707107i	-0.382683+0.923880i	0.000000-1.000000i	0.382683+0.923880i	-0.707107-0.707107i	0.923880+0.382683i	-1.000000-0.000000i	0.923880-0.382683i	-0.707107+0.707107i	0.382683-0.923880i	-0.000000+1.000000i	-0.382683-0.923880i	0.707107+0.707107i	-0.923880-0.382683i	
	1.000000+0.000000i	-0.707107+0.707107i	0.000000-1.000000i	0.707107+0.707107i	-1.000000-0.000000i	0.707107-0.707107i	-0.000000+1.000000i	-0.707107-0.707107i	1.000000+0.000000i	-0.707107+0.707107i	0.000000-1.000000i	0.707107+0.707107i	-1.000000-0.000000i	0.707107-0.707107i	-0.000000+1.000000i	-0.707107-0.707107i	
	1.000000+0.000000i	-0.382683+0.923880i	-0.707107-0.707107i	0.923880-0.382683i	-0.000000+1.000000i	-0.923880-0.382683i	0.707107-0.707107i	0.382683+0.923880i	-1.000000-0.000000i	0.382683-0.923880i	0.707107+0.707107i	-0.923880+0.382683i	0.000000-1.000000i	0.923880+0.382683i	-0.707107+0.707107i	-0.382683-0.923880i	
	1.000000+0.000000i	-0.000000+1.000000i	-1.000000-0.000000i	0.000000-1.000000i	1.000000+0.000000i	-0.000000+1.000000i	-1.000000-0.000000i	0.000000-1.000000i	1.000000+0.000000i	-0.000000+1.000000i	-1.000000-0.000000i	0.000000-1.000000i	1.000000+0.000000i	-0.000000+1.000000i	-1.000000-0.000000i	0.000000-1.000000i	
	1.000000+0.000000i	0.382683+0.923880i	-0.707107+0.707107i	-0.923880-0.382683i	0.000000-1.000000i	0.923880-0.382683i	0.707107+0.707107i	-0.382683+0.923880i	-1.000000-0.000000i	-0.382683-0.923880i	0.707107-0.707107i	0.923880+0.382683i	-0.000000+1.000000i	-0.923880+0.382683i	-0.707107-0.707107i	0.382683-0.923880i	
	1.000000+0.000000i	0.707107+0.707107i	-0.000000+1.000000i	-0.707107+0.707107i	-1.000000-0.000000i	-0.707107-0.707107i	0.000000-1.000000i	0.707107-0.707107i	1.000000+0.000000i	0.707107+0.707107i	-0.000000+1.000000i	-0.707107+0.707107i	-1.000000-0.000000i	-0.707107-0.707107i	0.000000-1.000000i	0.707107-0.707107i	
	1.000000+0.000000i	0.923880+0.382683i	0.707107+0.707107i	0.382683+0.923880i	-0.000000+1.000000i	-0.382683+0.923880i	-0.707107+0.707107i	-0.923880+0.382683i	-1.000000-0.000000i	-0.923880-0.382683i	-0.707107-0.707107i	-0.382683-0.923880i	0.000000-1.000000i	0.382683-0.923880i	0.707107-0.707107i	0.923880-0.382683i	
}
THINGMat {
	rows: 16 x cols: 16
	elements:
	1.000000+0.000000i	1.000000+0.000000i	1.000000+0.000000i	1.000000+0.000000i	1.000000+0.000000i	1.000000+0.000000i	1.000000+0.000000i	1.000000+0.000000i	1.000000+0.000000i	1.000000+0.000000i	1.000000+0.000000i	1.000000+0.000000i	1.000000+0.000000i	1.000000+0.000000i	1.000000+0.000000i	1.000000+0.000000i	
	1.000000+0.000000i	0.923880-0.382683i	0.707107-0.707107i	0.382683-0.923880i	0.000000-1.000000i	-0.382683-0.923880i	-0.707107-0.707107i	-0.923880-0.382683i	-1.000000-0.000000i	-0.923880+0.382683i	-0.707107+0.707107i	-0.382683+0.923880i	-0.000000+1.000000i	0.382683+0.923880i	0.707107+0.707107i	0.923880+0.382683i	
	1.000000+0.000000i	0.707107-0.707107i	0.000000-1.000000i	-0.707107-0.707107i	-1.000000-0.000000i	-0.707107+0.707107i	-0.000000+1.000000i	0.707107+0.707107i	1.000000+0.000000i	0.707107-0.707107i	0.000000-1.000000i	-0.707107-0.707107i	-1.000000-0.000000i	-0.707107+0.707107i	-0.000000+1.000000i	0.707107+0.707107i	
	1.000000+0.000000i	0.382683-0.923880i	-0.707107-0.707107i	-0.923880+0.382683i	-0.000000+1.000000i	0.923880+0.382683i	0.707107-0.707107i	-0.382683-0.923880i	-1.000000-0.000000i	-0.382683+0.923880i	0.707107+0.707107i	0.923880-0.382683i	0.000000-1.000000i	-0.923880-0.382683i	-0.707107+0.707107i	0.382683+0.923880i	
	1.000000+0.000000i	0.000000-1.000000i	-1.000000-0.000000i	-0.000000+1.000000i	1.000000+0.000000i	0.000000-1.000000i	-1.000000-0.000000i	-0.000000+1.000000i	1.000000+0.000000i	0.000000-1.000000i	-1.000000-0.000000i	-0.000000+1.000000i	1.000000+0.000000i	0.000000-1.000000i	-1.000000-0.000000i	-0.000000+1.000000i	
	1.000000+0.000000i	-0.382683-0.923880i	-0.707107+0.707107i	0.923880+0.382683i	0.000000-1.000000i	-0.923880+0.382683i	0.707107+0.707107i	0.382683-0.923880i	-1.000000-0.000000i	0.382683+0.923880i	0.707107-0.707107i	-0.923880-0.382683i	-0.000000+1.000000i	0.923880-0.382683i	-0.707107-0.707107i	-0.382683+0.923880i	
	1.000000+0.000000i	-0.707107-0.707107i	-0.000000+1.000000i	0.707107-0.707107i	-1.000000-0.000000i	0.707107+0.707107i	0.000000-1.000000i	-0.707107+0.707107i	1.000000+0.000000i	-0.707107-0.707107i	-0.000000+1.000000i	0.707107-0.707107i	-1.000000-0.000000i	0.707107+0.707107i	0.000000-1.000000i	-0.707107+0.707107i	
	1.000000+0.000000i	-0.923880-0.382683i	0.707107+0.707107i	-0.382683-0.923880i	-0.000000+1.000000i	0.382683-0.923880i	-0.707107+0.707107i	0.923880-0.382683i	-1.000000-0.000000i	0.923880+0.382683i	-0.707107-0.707107i	0.382683+0.923880i	0.000000-1.000000i	-0.382683+0.923880i	0.707107-0.707107i	-0.923880+0.382683i	
	1.000000+0.000000i	-1.000000-0.000000i	1.000000+0.000000i	-1.000000-0.000000i	1.000000+0.000000i	-1.000000-0.000000i	1.000000+0.000000i	-1.000000-0.000000i	1.000000+0.000000i	-1.000000-0.000000i	1.000000+0.000000i	-1.000000-0.000000i	1.000000+0.000000i	-1.000000-0.000000i	1.000000+0.000000i	-1.000000-0.000000i	
	1.000000+0.000000i	-0.923880+0.382683i	0.707107-0.707107i	-0.382683+0.923880i	0.000000-1.000000i	0.382683+0.923880i	-0.707107-0.707107i	0.923880+0.382683i	-1.000000-0.000000i	0.923880-0.382683i	-0.707107+0.707107i	0.382683-0.923880i	-0.000000+1.000000i	-0.382683-0.923880i	0.707107+0.707107i	-0.923880-0.382683i	
	1.000000+0.000000i	-0.707107+0.707107i	0.000000-1.000000i	0.707107+0.707107i	-1.000000-0.000000i	0.707107-0.707107i	-0.000000+1.000000i	-0.707107-0.707107i	1.000000+0.000000i	-0.707107+0.707107i	0.000000-1.000000i	0.707107+0.707107i	-1.000000-0.000000i	0.707107-0.707107i	-0.000000+1.000000i	-0.707107-0.707107i	
	1.000000+0.000000i	-0.382683+0.923880i	-0.707107-0.707107i	0.923880-0.382683i	-0.000000+1.000000i	-0.923880-0.382683i	0.707107-0.707107i	0.382683+0.923880i	-1.000000-0.000000i	0.382683-0.923880i	0.707107+0.707107i	-0.923880+0.382683i	0.000000-1.000000i	0.923880+0.382683i	-0.707107+0.707107i	-0.382683-0.923880i	
	1.000000+0.000000i	-0.000000+1.000000i	-1.000000-0.000000i	0.000000-1.000000i	1.000000+0.000000i	-0.000000+1.000000i	-1.000000-0.000000i	0.000000-1.000000i	1.000000+0.000000i	-0.000000+1.000000i	-1.000000-0.000000i	0.000000-1.000000i	1.000000+0.000000i	-0.000000+1.000000i	-1.000000-0.000000i	0.000000-1.000000i	
